<EEPROM_BEGIN>
42496
40793
0
24864
1280
8195
57347
9230
29329
35585
39172
0
281
0
0
13246
8259
47615
257
257
257
61937
61920
57536
513
4609
513
753
62449
62177
58080
57792
38280
9275
43484
3857
12851
13107
8705
65485
47820
65039
4385
13107
13090
8721
4607
61132
56343
44079
22561
32163
13123
65273
13880
12852
21027
26113
47379
9475
246
52421
45463
26918
15884
24080
65063
28164
24076
24071
20004
48895
40467
11784
24100
40699
44559
24316
65055
57087
20480
28676
57368
57076
36876
28672
49172
44792
33299
45059
8224
57075
20732
57587
4632
45291
12304
19984
56843
20508
24588
24071
19460
45079
40979
11784
28164
36883
36883
15872
3584
53275
29188
32264
61180
49168
37392
32772
52988
36884
33819
49163
7692
57871
20488
57599
4
45579
15884
16
3616
24068
15880
7687
40480
44799
45075
36356
65056
7924
56843
24316
44564
65279
45304
16392
3609
57076
61964
4349
36888
28924
61967
4096
24604
61683
12808
20720
61983
61675
8208
56851
65031
12316
8204
61446
36352
32795
45079
28168
60416
61459
49171
12288
40184
53275
41472
8204
61180
40976
53776
57348
33020
21016
53783
61451
28168
61971
9232
21240
53259
57863
28699
28695
40487
11780
40987
4103
65063
48895
20
19976
44572
20212
28695
36871
24095
36355
25092
24584
4117
28920
32780
20484
49172
8444
61967
24576
45080
4336
32768
8432
53787
33007
25115
19987
28163
20
37399
65026
56839
36883
57367
7684
36352
4104
16919
24071
7683
20503
4612
4104
61176
12304
21008
8196
40696
61467
50195
12288
32768
57867
20996
244
41479
29191
48655
57363
57379
65031
57359
12295
36384
48895
24072
28680
28704
48887
36879
53251
45083
24067
16632
12296
20504
57072
25096
4
24592
24824
21523
45063
61987
57587
4612
45819
8728
49391
57355
4100
12024
16404
12804
28923
61176
57359
40964
45056
48892
61451
53259
65279
65271
25111
37620
20484
40696
61960
33288
12288
40692
37392
37907
53255
16388
8712
25096
248
20732
4612
40975
61459
28696
11780
32260
45059
52760
53503
52740
20488
44572
240
32775
32775
57367
52991
57347
12296
16408
37104
16388
32768
24592
12536
57863
61443
25112
12524
25092
29428
21016
4328
29191
49407
12012
53263
12540
32499
40688
32779
28920
61695
24308
45311
12803
8443
40691
24587
42239
53503
65267
12292
57859
8440
7916
57871
37383
37119
4348
53763
8704
28904
248
58111
57363
32791
24
32768
4116
61695
36892
49407
19980
8196
32788
48883
24587
12540
28179
24319
61695
49163
20
16628
29188
61443
8204
24820
49667
49155
61463
57583
8192
58103
16912
8932
4608
45311
16104
45056
16900
3816
52972
53251
24828
16116
44780
49403
41727
16620
32495
28679
8948
57599
16108
28672
33532
16628
16616
33284
62719
53499
4340
248
17148
61679
28912
17140
20728
20488
20496
57592
28924
248
40464
24816
16384
45308
40976
41199
41215
4344
53263
44791
20720
57351
32776
28908
58100
24824
8200
53495
33795
53770
16400
53483
13052
54007
4624
53483
33284
20488
32504
61460
32776
252
48640
28688
20492
52744
48640
45075
49171
8196
65279
45087
25092
61463
40700
28696
45584
28684
15872
57895
37919
53274
24072
57883
21016
57867
8204
57883
236
16388
12292
41204
44784
41207
36872
7916
4344
28920
4108
57575
45307
45303
20487
20723
37107
40963
36875
12520
17140
28916
12288
4332
13055
24831
12296
16608
41196
58095
12808
61667
4856
20732
16108
45064
41208
45303
40688
4104
8704
28672
7928
61443
53767
49407
28407
16919
37383
40971
40699
12300
21000
28672
16624
4116
16915
24587
16636
16392
45572
53763
12288
524
8432
61959
4096
41196
12532
45807
28924
4324
57591
41200
36604
12504
8443
49391
20219
41195
33007
41211
20732
12516
13044
61687
764
61679
37619
33531
28920
53471
13032
8936
12540
57571
8944
61691
3808
36864
4856
37099
32484
252
53503
37104
36580
8432
8707
45299
20203
40967
29439
36867
20200
8708
9216
53503
3820
57875
37895
33023
24816
49667
16896
8436
12532
57859
53499
536
16
32772
40696
49671
45072
4348
53255
36872
24596
12539
8199
15
8215
3
16387
12
45591
12536
8192
8200
40983
61443
33287
49679
4120
45307
8192
61447
532
28927
17144
24580
28396
61456
249
12536
7921
28684
16904
61440
57076
36883
37391
24587
36603
32799
45579
20492
12028
16408
37388
36876
3836
28700
61975
12304
36868
8728
41488
20492
24584
57887
8420
8716
15872
49400
28908
248
28680
49395
57083
45308
12300
49387
44787
61691
19979
41207
29427
61447
49152
12524
33008
57351
8196
24820
53495
49671
32776
45299
16628
25095
53263
57587
49379
240
3800
37628
12520
49383
16096
41215
45815
40688
12004
37115
33011
49391
7911
36871
25335
53503
48864
4
25332
49407
3812
16904
54015
40967
28912
41487
4612
8199
45311
45583
32988
516
49403
41196
16100
24819
61691
20715
57579
12532
32496
48863
33003
53491
247
28907
24811
53503
28920
57579
20716
8952
61695
8443
8416
25091
24308
12512
4320
45819
8428
33011
57580
20480
16100
9
37108
49399
20200
45071
20480
37116
57068
12540
57351
12540
32503
57363
57351
16396
65264
20504
49676
32784
32504
37423
37384
49179
48640
36880
29204
16
24584
61475
<EEPROM_END>